%YAML:1.0
---
R: !!opencv-matrix
    rows: 3
    cols: 1
    dt: d
    data: [ 3.08390088, -0.03734255, 
        0.0476034 ]
Rot: !!opencv-matrix
    rows: 3
    cols: 3
    dt: d
    data: [ 0.9992242066073853, -0.025065586688099457, 
        0.030143673755958757, -0.02331155136012452, 
        -0.998073661556971, -0.05742835016059075, 
        0.031526412160024365, 0.056683678607375096, 
        -0.9978851559764491 ]
T: !!opencv-matrix
    rows: 3
    cols: 1
    dt: d
    data: [ -0.1427301044275723, 0.059907204518103274, 
        0.6311343215721887 ]
