%YAML:1.0
    dim_6: !!opencv-matrix
        rows: 1
        cols: 2
        dt: d
        data: [ 2704.000000, 1520.000000]
    K_6: !!opencv-matrix
        rows: 3
        cols: 3
        dt: d
        data: [ 1415.661771, 0.000000, 1353.083630, 
            0.000000, 1427.491905, 774.324130, 0.000000, 
            0.000000, 1.000000]
    dist_6: !!opencv-matrix
        rows: 1
        cols: 5
        dt: d
        data: [ -0.000113, 0.007389, 0.002595, 
            0.000477, -0.005338]
