C:\Users\frank\AppData\Local\Programs\Python\Python38\python.exe D:/dev/PyCamCalib/calc_extrinsics.py
[Data root path: calib_data]
========================================================================
[SubDirs: calib_data]

[SubDir: 0] calib_data\camera.1
[SubDir: 1] calib_data\camera.2
[SubDir: 2] calib_data\camera.3
[SubDir: 3] calib_data\camera.4
Camera count: 4
========================================================================
[Intrinsics: calib_data\camera.1/intrinsics_1.yml]

[Image width/ height: [[1920. 1080.]]
[K_1: [[916.920654   0.       966.770569]
 [  0.       917.218811 547.688049]
 [  0.         0.         1.      ]]
[dist_1: [[ 2.895120e-01 -2.482035e+00  8.950000e-04 -3.580000e-04  1.493661e+00]]
========================================================================
[Calc extrinsics camera: 1]

[Tvec: [[[-0.37552476  0.91327751  3.19248505]]] (1, 1, 3)
[Rvec: [[ 0.34063287]
 [ 2.02829018]
 [-2.03706555]] (3, 1)
[Mag tvec: 3.34171]
[Mag rvec: 2.89476]
[Rot_mat: [[-0.9423657   0.33434789  0.00810504]
 [-0.00953072 -0.00268164 -0.9999015 ]
 [-0.33426916 -0.94241695  0.00570652]] (3, 3)
det rot_mat: 0.999863246776285
euler angles rad: -1.56474:0.34085:-3.13148
euler angles deg: -89.653:19.529:-179.421
calib_data\camera.1/extri.yml
========================================================================
[Extrinsics: calib_data\camera.1/extri.yml]

[Rvec: [[ 0.34063287]
 [ 2.02829018]
 [-2.03706555]]
[Tvec: [[-0.37552476]
 [ 0.91327751]
 [ 3.19248505]]
[RotMat: [[-0.9423657   0.33434789  0.00810504]
 [-0.00953072 -0.00268164 -0.9999015 ]
 [-0.33426916 -0.94241695  0.00570652]]
========================================================================
[Intrinsics: calib_data\camera.2/intrinsics_2.yml]

[Image width/ height: [[1920. 1080.]]
[K_2: [[913.543579   0.       960.102966]
 [  0.       913.589478 547.959412]
 [  0.         0.         1.      ]]
[dist_2: [[ 4.392410e-01 -3.131081e+00  2.350000e-04  2.710000e-04  1.933616e+00]]
========================================================================
[Calc extrinsics camera: 2]

[Tvec: [[[0.18130143 0.8957918  2.96478851]]] (1, 1, 3)
[Rvec: [[ 0.40056742]
 [-2.01409685]
 [ 2.02127985]] (3, 1)
[Mag tvec: 3.10246]
[Mag rvec: 2.88143]
[Rot_mat: [[-0.92829192 -0.37154017  0.01193596]
 [-0.01062827 -0.00561137 -0.99985683]
 [ 0.37151753 -0.92837523  0.00125644]] (3, 3)
det rot_mat: 0.9998380020456746
euler angles rad: -1.56944:-0.38067:-3.13014
euler angles deg: -89.922:-21.811:-179.344
calib_data\camera.2/extri.yml
========================================================================
[Extrinsics: calib_data\camera.2/extri.yml]

[Rvec: [[ 0.40056742]
 [-2.01409685]
 [ 2.02127985]]
[Tvec: [[0.18130143]
 [0.8957918 ]
 [2.96478851]]
[RotMat: [[-0.92829192 -0.37154017  0.01193596]
 [-0.01062827 -0.00561137 -0.99985683]
 [ 0.37151753 -0.92837523  0.00125644]]
========================================================================
[Intrinsics: calib_data\camera.3/intrinsics_3.yml]

[Image width/ height: [[1280.  720.]]
[K_3: [[894.888306   0.       655.331116]
 [  0.       895.249756 376.764893]
 [  0.         0.         1.      ]]
[dist_3: [[ 0.12909409 -0.44646332 -0.00058016 -0.00173502  0.41516212]]
========================================================================
[Calc extrinsics camera: 3]

[Tvec: [[[-0.73179866  0.75256671  2.71128149]]] (1, 1, 3)
[Rvec: [[ 1.12557456]
 [ 1.97749574]
 [-1.27585632]] (3, 1)
[Mag tvec: 2.90739]
[Mag rvec: 2.60868]
[Rot_mat: [[-0.51475519  0.85719632 -0.00768619]
 [ 0.36030888  0.20826415 -0.90928043]
 [-0.77783331 -0.47082849 -0.41606072]] (3, 3)
det rot_mat: 0.9998077515306176
euler angles rad: -2.29452:0.89132:2.53089
euler angles deg: -131.466:51.069:145.009
calib_data\camera.3/extri.yml
========================================================================
[Extrinsics: calib_data\camera.3/extri.yml]

[Rvec: [[ 1.12557456]
 [ 1.97749574]
 [-1.27585632]]
[Tvec: [[-0.73179866]
 [ 0.75256671]
 [ 2.71128149]]
[RotMat: [[-0.51475519  0.85719632 -0.00768619]
 [ 0.36030888  0.20826415 -0.90928043]
 [-0.77783331 -0.47082849 -0.41606072]]
========================================================================
[Intrinsics: calib_data\camera.4/intrinsics_4.yml]

[Image width/ height: [[1280.  720.]]
[K_4: [[897.724121   0.       653.769836]
 [  0.       897.591614 367.520966]
 [  0.         0.         1.      ]]
[dist_4: [[ 1.30384386e-01 -4.45810080e-01 -5.76836137e-05 -1.89607992e-04
   4.06602889e-01]]
========================================================================
[Calc extrinsics camera: 4]

[Tvec: [[[0.83691987 0.73413823 2.59932063]]] (1, 1, 3)
[Rvec: [[ 1.12155003]
 [-2.0769065 ]
 [ 1.26956481]] (3, 1)
[Mag tvec: 2.82770]
[Mag rvec: 2.68015]
[Rot_mat: [[-0.56344072 -0.82544773  0.0306397 ]
 [-0.4037141   0.24272355 -0.88205658]
 [ 0.72062881 -0.5093812  -0.4700904 ]] (3, 3)
det rot_mat: 0.9997259327732643
euler angles rad: -2.31610:-0.80484:-2.51987
euler angles deg: -132.703:-46.114:-144.378
calib_data\camera.4/extri.yml
========================================================================
[Extrinsics: calib_data\camera.4/extri.yml]

[Rvec: [[ 1.12155003]
 [-2.0769065 ]
 [ 1.26956481]]
[Tvec: [[0.83691987]
 [0.73413823]
 [2.59932063]]
[RotMat: [[-0.56344072 -0.82544773  0.0306397 ]
 [-0.4037141   0.24272355 -0.88205658]
 [ 0.72062881 -0.5093812  -0.4700904 ]]

Process finished with exit code 0