%YAML:1.0
---
R: !!opencv-matrix
    rows: 3
    cols: 1
    dt: d
    data: [ -3.13183174, 0.01091868, 
        -0.02890331 ]
Rot: !!opencv-matrix
    rows: 3
    cols: 3
    dt: d
    data: [ 0.9997984098681711, -0.006878897209919561, 
        0.018485895571023855, -0.0070647262562038736, 
        -0.9999113346777583, 0.009544509643902296, 
        0.018424592552594123, -0.00967080969214722, 
        -0.9997596051338347 ]
T: !!opencv-matrix
    rows: 3
    cols: 1
    dt: d
    data: [ 0.0008206791106060499, 0.012696573440162267, 
        0.6302063854963378 ]
