%YAML:1.0
    dim_7: !!opencv-matrix
        rows: 1
        cols: 2
        dt: d
        data: [ 2704.000000, 1520.000000]
    K_7: !!opencv-matrix
        rows: 3
        cols: 3
        dt: d
        data: [ 1413.277325, 0.000000, 1369.553827, 
            0.000000, 1425.473268, 779.996901, 0.000000, 
            0.000000, 1.000000]
    dist_7: !!opencv-matrix
        rows: 1
        cols: 5
        dt: d
        data: [ -0.003973, 0.009091, 0.004283, 
            0.002911, -0.006588]
