%YAML:1.0
---
R: !!opencv-matrix
    rows: 3
    cols: 1
    dt: d
    data: [ 3.11765251, -0.00579184, 
        -0.00443244 ]
Rot: !!opencv-matrix
    rows: 3
    cols: 3
    dt: d
    data: [ 0.9999864619402405, -0.003682825748721795, 
        -0.0028908677336273473, -0.0037469805954552355, 
        -0.9996976602907824, -0.023924873344391067, 
        -0.0027951987795130223, 0.023933235600384115, 
        -0.9997014722706437 ]
T: !!opencv-matrix
    rows: 3
    cols: 1
    dt: d
    data: [ -0.26483955734318476, 0.03453086738134231, 
        0.6376185629686646 ]
