%YAML:1.0
    dim_5: !!opencv-matrix
        rows: 1
        cols: 2
        dt: d
        data: [ 2704.000000, 1520.000000]
    K_5: !!opencv-matrix
        rows: 3
        cols: 3
        dt: d
        data: [ 1412.037465, 0.000000, 1351.883709, 
            0.000000, 1425.270036, 781.535878, 0.000000, 
            0.000000, 1.000000]
    dist_5: !!opencv-matrix
        rows: 1
        cols: 5
        dt: d
        data: [ 0.000448, 0.001447, 0.003870, 
            -0.001229, -0.001505]
