%YAML:1.0
---
R: !!opencv-matrix
    rows: 3
    cols: 1
    dt: d
    data: [ 2.45428361, -0.23693504, 
        0.1129043 ]
Rot: !!opencv-matrix
    rows: 3
    cols: 3
    dt: d
    data: [ 0.9789745658669404, -0.19843284734348693, 
        0.02113518040888389, -0.1414492362712756, 
        -0.7650237206446202, -0.6275645839487485, 
        0.14072116847155258, 0.6114263459879307, 
        -0.7769728111986414 ]
T: !!opencv-matrix
    rows: 3
    cols: 1
    dt: d
    data: [ 0.06736689429364735, 0.03945016425490136, 
        1.003779848154148 ]
