%YAML:1.0
---
R: !!opencv-matrix
    rows: 3
    cols: 1
    dt: d
    data: [ -3.11591366, 0.00100628, 
        0.02541415 ]
Rot: !!opencv-matrix
    rows: 3
    cols: 3
    dt: d
    data: [ 0.9998338459578966, -0.0008395533050606368, 
        -0.01629480766466353, -0.0004518751134042208, 
        -0.999657171903346, 0.025570519891452575, 
        -0.016321785823196128, -0.025571290966436046, 
        -0.9994958810323243 ]
T: !!opencv-matrix
    rows: 3
    cols: 1
    dt: d
    data: [ 0.15939967995175136, -0.11190259630534319, 
        0.6259344425893375 ]
