%YAML:1.0
---
R: !!opencv-matrix
    rows: 3
    cols: 1
    dt: d
    data: [ 0.34063287, 2.02829018, 
        -2.03706555 ]
Rot: !!opencv-matrix
    rows: 3
    cols: 3
    dt: d
    data: [ -0.9423656953497614, 0.33434789180486224, 
        0.008105044861515934, -0.009530715981867326, 
        -0.0026816395377298463, -0.9999014991861188, 
        -0.3342691568832321, -0.9424169534667968, 
        0.005706517127637006 ]
T: !!opencv-matrix
    rows: 3
    cols: 1
    dt: d
    data: [ -0.3755247613581192, 0.9132775144002797, 
        3.1924850484318865 ]
