%YAML:1.0
    dim_1: !!opencv-matrix
        rows: 1
        cols: 2
        dt: d
        data: [ 2704.000000, 1520.000000]
    K_1: !!opencv-matrix
        rows: 3
        cols: 3
        dt: d
        data: [ 1292.190988, 0.000000, 1352.533882, 
            0.000000, 1304.158023, 764.515755, 0.000000, 
            0.000000, 1.000000]
    dist_1: !!opencv-matrix
        rows: 1
        cols: 5
        dt: d
        data: [ -0.002384, 0.006909, 0.000601, 
            -0.001150, -0.003475]
