%YAML:1.0
    dim_1: !!opencv-matrix
        rows: 1
        cols: 2
        dt: d
        data: [ 1920, 1080]
    K_1: !!opencv-matrix
        rows: 3
        cols: 3
        dt: d
        data: [ 916.920654, 0.000000, 966.770569,
            0.000000, 917.218811, 547.688049, 0.000000,
            0.000000, 1.000000]
    dist_1: !!opencv-matrix
        rows: 1
        cols: 5
        dt: d
        data: [ 0.289512, -2.482035, 0.000895,
            -0.000358, 1.493661]
