%YAML:1.0
---
R: !!opencv-matrix
    rows: 3
    cols: 1
    dt: d
    data: [ 3.13038021, -0.01712214, 
        0.06835732 ]
Rot: !!opencv-matrix
    rows: 3
    cols: 3
    dt: d
    data: [ 0.9989792887030751, -0.011151660323312648, 
        0.04359392457881082, -0.010715084329214778, 
        -0.9998735889830364, -0.010656245006413104, 
        0.043705338142805604, 0.010176908095865227, 
        -0.9989727592405123 ]
T: !!opencv-matrix
    rows: 3
    cols: 1
    dt: d
    data: [ -0.1601293296611514, -0.08274154124792714, 
        0.6340287210315112 ]
