%YAML:1.0
---
R: !!opencv-matrix
    rows: 3
    cols: 1
    dt: d
    data: [ 1.12557456, 1.97749574, 
        -1.27585632 ]
Rot: !!opencv-matrix
    rows: 3
    cols: 3
    dt: d
    data: [ -0.514755186618596, 0.8571963187088056, 
        -0.007686194242622832, 0.3603088752251892, 
        0.20826415408161567, -0.9092804260629462, 
        -0.7778333139027593, -0.47082849317948205, 
        -0.4160607203969369 ]
T: !!opencv-matrix
    rows: 3
    cols: 1
    dt: d
    data: [ -0.7317986571530746, 0.7525667144015398, 
        2.711281488107639 ]
