%YAML:1.0
    dim_3: !!opencv-matrix
        rows: 1
        cols: 2
        dt: d
        data: [ 1280, 720]
    K_3: !!opencv-matrix
        rows: 3
        cols: 3
        dt: d
        data: [ 894.888306, 0.000000, 655.331116,
            0.000000, 895.249756, 376.764893, 0.000000,
            0.000000, 1.000000]
    dist_3: !!opencv-matrix
        rows: 1
        cols: 5
        dt: d
        data: [ 0.129094094, -0.446463317, -0.000580155640,
            -0.00173502183, 0.415162116]
