%YAML:1.0
    dim_3: !!opencv-matrix
        rows: 1
        cols: 2
        dt: d
        data: [ 2704.000000, 1520.000000]
    K_3: !!opencv-matrix
        rows: 3
        cols: 3
        dt: d
        data: [ 1288.216289, 0.000000, 1361.829825, 
            0.000000, 1300.199486, 775.618552, 0.000000, 
            0.000000, 1.000000]
    dist_3: !!opencv-matrix
        rows: 1
        cols: 5
        dt: d
        data: [ -0.003546, 0.007031, 0.002537, 
            0.001966, -0.003930]
