%YAML:1.0
---
R: !!opencv-matrix
    rows: 3
    cols: 1
    dt: d
    data: [ 3.1138233, -0.007569, 
        0.05744619 ]
Rot: !!opencv-matrix
    rows: 3
    cols: 3
    dt: d
    data: [ 0.9993057710326431, -0.005360669098402808, 
        0.03680992896913131, -0.004357203571801608, 
        -0.9996131617148051, -0.02731105808927222, 
        0.03694570143307206, 0.027133160286163513, 
        -0.9989449158123375 ]
T: !!opencv-matrix
    rows: 3
    cols: 1
    dt: d
    data: [ 0.13739891041451546, 0.032213284941193444, 
        0.6305403078685399 ]
