%YAML:1.0
    dim_8: !!opencv-matrix
        rows: 1
        cols: 2
        dt: d
        data: [ 2704.000000, 1520.000000]
    K_8: !!opencv-matrix
        rows: 3
        cols: 3
        dt: d
        data: [ 1412.407245, 0.000000, 1356.022653, 
            0.000000, 1425.479083, 776.109552, 0.000000, 
            0.000000, 1.000000]
    dist_8: !!opencv-matrix
        rows: 1
        cols: 5
        dt: d
        data: [ -0.003504, 0.013529, 0.003228, 
            0.000312, -0.010662]
