%YAML:1.0
---
R: !!opencv-matrix
    rows: 3
    cols: 1
    dt: d
    data: [ -3.12506987, -0.00864114, 
        -0.05291275 ]
Rot: !!opencv-matrix
    rows: 3
    cols: 3
    dt: d
    data: [ 0.9994006629932751, 0.005790137663779317, 
        0.03380148694488842, 0.00526607910936343, 
        -0.9998277774129594, 0.016151112244082083, 
        0.03389963867925065, -0.015967918566853923, 
        -0.9992629247516355 ]
T: !!opencv-matrix
    rows: 3
    cols: 1
    dt: d
    data: [ -0.28255274820984083, -0.10223993422693135, 
        0.6302272833566527 ]
