%YAML:1.0
---
R: !!opencv-matrix
    rows: 3
    cols: 1
    dt: d
    data: [ 1.12155003, -2.0769065, 
        1.26956481 ]
Rot: !!opencv-matrix
    rows: 3
    cols: 3
    dt: d
    data: [ -0.5634407169797773, -0.8254477339638091, 
        0.03063969731041835, -0.40371409798461655, 
        0.24272355190374498, -0.8820565789345093, 
        0.7206288072164138, -0.5093811992712524, 
        -0.47009039763665916 ]
T: !!opencv-matrix
    rows: 3
    cols: 1
    dt: d
    data: [ 0.8369198712148529, 0.7341382256227933, 
        2.599320625252995 ]
