%YAML:1.0
    dim_4: !!opencv-matrix
        rows: 1
        cols: 2
        dt: d
        data: [ 1280, 720]
    K_4: !!opencv-matrix
        rows: 3
        cols: 3
        dt: d
        data: [ 897.724121, 0.000000, 653.769836,
            0.000000, 897.591614, 367.520966, 0.000000,
            0.000000, 1.000000]
    dist_4: !!opencv-matrix
        rows: 1
        cols: 5
        dt: d
        data: [ 0.130384386, -0.445810080, -5.76836137e-05,
            -0.000189607992, 0.406602889]
