%YAML:1.0
    dim_4: !!opencv-matrix
        rows: 1
        cols: 2
        dt: d
        data: [ 2704.000000, 1520.000000]
    K_4: !!opencv-matrix
        rows: 3
        cols: 3
        dt: d
        data: [ 1288.061725, 0.000000, 1354.715208, 
            0.000000, 1300.143085, 775.045945, 0.000000, 
            0.000000, 1.000000]
    dist_4: !!opencv-matrix
        rows: 1
        cols: 5
        dt: d
        data: [ -0.003752, 0.005987, 0.002333, 
            -0.000128, -0.003216]
