%YAML:1.0
---
names:
   - "1"
   - "2"
   - "3"
   - "4"
   - "5"
   - "6"
   - "7"
   - "8"
R_1: !!opencv-matrix
    rows: 3
    cols: 1
    dt: d
    data: [ -3.11591366, 0.00100628, 
        0.02541415 ]
Rot_1: !!opencv-matrix
    rows: 3
    cols: 3
    dt: d
    data: [ 0.9998338459578966, -0.0008395533050606368, 
        -0.01629480766466353, -0.0004518751134042208, 
        -0.999657171903346, 0.025570519891452575, 
        -0.016321785823196128, -0.025571290966436046, 
        -0.9994958810323243 ]
T_1: !!opencv-matrix
    rows: 3
    cols: 1
    dt: d
    data: [ 0.15939967995175136, -0.11190259630534319, 
        0.6259344425893375 ]
R_2: !!opencv-matrix
    rows: 3
    cols: 1
    dt: d
    data: [ -3.11001361, 0.02087538, 
        -0.07407887 ]
Rot_2: !!opencv-matrix
    rows: 3
    cols: 3
    dt: d
    data: [ 0.9987467255794541, -0.012688074895414536, 
        0.04780188100468258, -0.014138086638877998, 
        -0.9994371839181453, 0.03029398785938328, 
        0.047392543930481146, -0.030930529479151394, 
        -0.9983647883543112 ]
T_2: !!opencv-matrix
    rows: 3
    cols: 1
    dt: d
    data: [ -0.024310629885637588, -0.11383291359354465, 
        0.6291106309314131 ]
R_3: !!opencv-matrix
    rows: 3
    cols: 1
    dt: d
    data: [ 3.13038021, -0.01712214, 
        0.06835732 ]
Rot_3: !!opencv-matrix
    rows: 3
    cols: 3
    dt: d
    data: [ 0.9989792887030751, -0.011151660323312648, 
        0.04359392457881082, -0.010715084329214778, 
        -0.9998735889830364, -0.010656245006413104, 
        0.043705338142805604, 0.010176908095865227, 
        -0.9989727592405123 ]
T_3: !!opencv-matrix
    rows: 3
    cols: 1
    dt: d
    data: [ -0.1601293296611514, -0.08274154124792714, 
        0.6340287210315112 ]
R_4: !!opencv-matrix
    rows: 3
    cols: 1
    dt: d
    data: [ -3.12506987, -0.00864114, 
        -0.05291275 ]
Rot_4: !!opencv-matrix
    rows: 3
    cols: 3
    dt: d
    data: [ 0.9994006629932751, 0.005790137663779317, 
        0.03380148694488842, 0.00526607910936343, 
        -0.9998277774129594, 0.016151112244082083, 
        0.03389963867925065, -0.015967918566853923, 
        -0.9992629247516355 ]
T_4: !!opencv-matrix
    rows: 3
    cols: 1
    dt: d
    data: [ -0.28255274820984083, -0.10223993422693135, 
        0.6302272833566527 ]
R_5: !!opencv-matrix
    rows: 3
    cols: 1
    dt: d
    data: [ 3.11765251, -0.00579184, 
        -0.00443244 ]
Rot_5: !!opencv-matrix
    rows: 3
    cols: 3
    dt: d
    data: [ 0.9999864619402405, -0.003682825748721795, 
        -0.0028908677336273473, -0.0037469805954552355, 
        -0.9996976602907824, -0.023924873344391067, 
        -0.0027951987795130223, 0.023933235600384115, 
        -0.9997014722706437 ]
T_5: !!opencv-matrix
    rows: 3
    cols: 1
    dt: d
    data: [ -0.26483955734318476, 0.03453086738134231, 
        0.6376185629686646 ]
R_6: !!opencv-matrix
    rows: 3
    cols: 1
    dt: d
    data: [ 3.08390088, -0.03734255, 
        0.0476034 ]
Rot_6: !!opencv-matrix
    rows: 3
    cols: 3
    dt: d
    data: [ 0.9992242066073853, -0.025065586688099457, 
        0.030143673755958757, -0.02331155136012452, 
        -0.998073661556971, -0.05742835016059075, 
        0.031526412160024365, 0.056683678607375096, 
        -0.9978851559764491 ]
T_6: !!opencv-matrix
    rows: 3
    cols: 1
    dt: d
    data: [ -0.1427301044275723, 0.059907204518103274, 
        0.6311343215721887 ]
R_7: !!opencv-matrix
    rows: 3
    cols: 1
    dt: d
    data: [ -3.13183174, 0.01091868, 
        -0.02890331 ]
Rot_7: !!opencv-matrix
    rows: 3
    cols: 3
    dt: d
    data: [ 0.9997984098681711, -0.006878897209919561, 
        0.018485895571023855, -0.0070647262562038736, 
        -0.9999113346777583, 0.009544509643902296, 
        0.018424592552594123, -0.00967080969214722, 
        -0.9997596051338347 ]
T_7: !!opencv-matrix
    rows: 3
    cols: 1
    dt: d
    data: [ 0.0008206791106060499, 0.012696573440162267, 
        0.6302063854963378 ]
R_8: !!opencv-matrix
    rows: 3
    cols: 1
    dt: d
    data: [ 3.1138233, -0.007569, 
        0.05744619 ]
Rot_8: !!opencv-matrix
    rows: 3
    cols: 3
    dt: d
    data: [ 0.9993057710326431, -0.005360669098402808, 
        0.03680992896913131, -0.004357203571801608, 
        -0.9996131617148051, -0.02731105808927222, 
        0.03694570143307206, 0.027133160286163513, 
        -0.9989449158123375 ]
T_8: !!opencv-matrix
    rows: 3
    cols: 1
    dt: d
    data: [ 0.13739891041451546, 0.032213284941193444, 
        0.6305403078685399 ]
