%YAML:1.0
---
names:
   - "1"
   - "2"
   - "3"
   - "4"
R_1: !!opencv-matrix
    rows: 3
    cols: 1
    dt: d
    data: [ 0.34063287, 2.02829018, 
        -2.03706555 ]
Rot_1: !!opencv-matrix
    rows: 3
    cols: 3
    dt: d
    data: [ -0.9423656953497614, 0.33434789180486224, 
        0.008105044861515934, -0.009530715981867326, 
        -0.0026816395377298463, -0.9999014991861188, 
        -0.3342691568832321, -0.9424169534667968, 
        0.005706517127637006 ]
T_1: !!opencv-matrix
    rows: 3
    cols: 1
    dt: d
    data: [ -0.3755247613581192, 0.9132775144002797, 
        3.1924850484318865 ]
R_2: !!opencv-matrix
    rows: 3
    cols: 1
    dt: d
    data: [ 0.40056742, -2.01409685, 
        2.02127985 ]
Rot_2: !!opencv-matrix
    rows: 3
    cols: 3
    dt: d
    data: [ -0.9282919220204248, -0.3715401713565955, 
        0.011935957027383433, -0.010628274972300553, 
        -0.005611371128866116, -0.9998568291366245, 
        0.37151752936405086, -0.9283752273448711, 
        0.0012564409085042139 ]
T_2: !!opencv-matrix
    rows: 3
    cols: 1
    dt: d
    data: [ 0.18130143325012532, 0.8957917992426381, 
        2.9647885120227815 ]
R_3: !!opencv-matrix
    rows: 3
    cols: 1
    dt: d
    data: [ 1.12557456, 1.97749574, 
        -1.27585632 ]
Rot_3: !!opencv-matrix
    rows: 3
    cols: 3
    dt: d
    data: [ -0.514755186618596, 0.8571963187088056, 
        -0.007686194242622832, 0.3603088752251892, 
        0.20826415408161567, -0.9092804260629462, 
        -0.7778333139027593, -0.47082849317948205, 
        -0.4160607203969369 ]
T_3: !!opencv-matrix
    rows: 3
    cols: 1
    dt: d
    data: [ -0.7317986571530746, 0.7525667144015398, 
        2.711281488107639 ]
R_4: !!opencv-matrix
    rows: 3
    cols: 1
    dt: d
    data: [ 1.12155003, -2.0769065, 
        1.26956481 ]
Rot_4: !!opencv-matrix
    rows: 3
    cols: 3
    dt: d
    data: [ -0.5634407169797773, -0.8254477339638091, 
        0.03063969731041835, -0.40371409798461655, 
        0.24272355190374498, -0.8820565789345093, 
        0.7206288072164138, -0.5093811992712524, 
        -0.47009039763665916 ]
T_4: !!opencv-matrix
    rows: 3
    cols: 1
    dt: d
    data: [ 0.8369198712148529, 0.7341382256227933, 
        2.599320625252995 ]
