%YAML:1.0
---
names:
   - "1"
   - "2"
R_1: !!opencv-matrix
    rows: 3
    cols: 1
    dt: d
    data: [ 2.45428361, -0.23693504, 
        0.1129043 ]
Rot_1: !!opencv-matrix
    rows: 3
    cols: 3
    dt: d
    data: [ 0.9789745658669404, -0.19843284734348693, 
        0.02113518040888389, -0.1414492362712756, 
        -0.7650237206446202, -0.6275645839487485, 
        0.14072116847155258, 0.6114263459879307, 
        -0.7769728111986414 ]
T_1: !!opencv-matrix
    rows: 3
    cols: 1
    dt: d
    data: [ 0.06736689429364735, 0.03945016425490136, 
        1.003779848154148 ]
R_2: !!opencv-matrix
    rows: 3
    cols: 1
    dt: d
    data: [ -1.57570275, 0.75189641, 
        1.83861463 ]
Rot_2: !!opencv-matrix
    rows: 3
    cols: 3
    dt: d
    data: [ 0.10106815712152084, -0.2525715048405939, 
        -0.33794947840085793, 0.23049429590744808, 
        -0.261388855094638, 0.37663594813929224, 
        -0.38415070584549377, 0.2549024797180242, 
        0.015549580640309063 ]
T_2: !!opencv-matrix
    rows: 3
    cols: 1
    dt: d
    data: [ -0.4098473159391399, -0.4113478203251331, 
        0.703610965091676 ]
