%YAML:1.0
---
names:
   - "1"
   - "2"
   - "3"
   - "4"
   - "5"
   - "6"
   - "7"
   - "8"
K_1: !!opencv-matrix
    rows: 3
    cols: 3
    dt: d
    data: [ 1292.190988, 0.0, 
        1352.533882, 0.0, 
        1304.158023, 764.515755, 
        0.0, 0.0, 
        1.0 ]
dist_1: !!opencv-matrix
    rows: 5
    cols: 1
    dt: d
    data: [ -0.002384, 0.006909, 
        0.000601, -0.00115,  
        0.006909 ]
K_2: !!opencv-matrix
    rows: 3
    cols: 3
    dt: d
    data: [ 1288.998816, 0.0, 
        1363.371673, 0.0, 
        1301.302237, 772.345853, 
        0.0, 0.0, 
        1.0 ]
dist_2: !!opencv-matrix
    rows: 5
    cols: 1
    dt: d
    data: [ -0.002434, 0.004163, 
        0.001751, 0.001752,  
        0.004163 ]
K_3: !!opencv-matrix
    rows: 3
    cols: 3
    dt: d
    data: [ 1288.216289, 0.0, 
        1361.829825, 0.0, 
        1300.199486, 775.618552, 
        0.0, 0.0, 
        1.0 ]
dist_3: !!opencv-matrix
    rows: 5
    cols: 1
    dt: d
    data: [ -0.003546, 0.007031, 
        0.002537, 0.001966,  
        0.007031 ]
K_4: !!opencv-matrix
    rows: 3
    cols: 3
    dt: d
    data: [ 1288.061725, 0.0, 
        1354.715208, 0.0, 
        1300.143085, 775.045945, 
        0.0, 0.0, 
        1.0 ]
dist_4: !!opencv-matrix
    rows: 5
    cols: 1
    dt: d
    data: [ -0.003752, 0.005987, 
        0.002333, -0.000128,  
        0.005987 ]
K_5: !!opencv-matrix
    rows: 3
    cols: 3
    dt: d
    data: [ 1412.037465, 0.0, 
        1351.883709, 0.0, 
        1425.270036, 781.535878, 
        0.0, 0.0, 
        1.0 ]
dist_5: !!opencv-matrix
    rows: 5
    cols: 1
    dt: d
    data: [ 0.000448, 0.001447, 
        0.00387, -0.001229,  
        0.001447 ]
K_6: !!opencv-matrix
    rows: 3
    cols: 3
    dt: d
    data: [ 1415.661771, 0.0, 
        1353.08363, 0.0, 
        1427.491905, 774.32413, 
        0.0, 0.0, 
        1.0 ]
dist_6: !!opencv-matrix
    rows: 5
    cols: 1
    dt: d
    data: [ -0.000113, 0.007389, 
        0.002595, 0.000477,  
        0.007389 ]
K_7: !!opencv-matrix
    rows: 3
    cols: 3
    dt: d
    data: [ 1413.277325, 0.0, 
        1369.553827, 0.0, 
        1425.473268, 779.996901, 
        0.0, 0.0, 
        1.0 ]
dist_7: !!opencv-matrix
    rows: 5
    cols: 1
    dt: d
    data: [ -0.003973, 0.009091, 
        0.004283, 0.002911,  
        0.009091 ]
K_8: !!opencv-matrix
    rows: 3
    cols: 3
    dt: d
    data: [ 1412.407245, 0.0, 
        1356.022653, 0.0, 
        1425.479083, 776.109552, 
        0.0, 0.0, 
        1.0 ]
dist_8: !!opencv-matrix
    rows: 5
    cols: 1
    dt: d
    data: [ -0.003504, 0.013529, 
        0.003228, 0.000312,  
        0.013529 ]
