%YAML:1.0
---
names:
   - "1"
   - "2"
   - "3"
   - "4"
K_1: !!opencv-matrix
    rows: 3
    cols: 3
    dt: d
    data: [ 916.920654, 0.0, 
        966.770569, 0.0, 
        917.218811, 547.688049, 
        0.0, 0.0, 
        1.0 ]
dist_1: !!opencv-matrix
    rows: 5
    cols: 1
    dt: d
    data: [ 0.289512, -2.482035, 
        0.000895, -0.000358,  
        -2.482035 ]
K_2: !!opencv-matrix
    rows: 3
    cols: 3
    dt: d
    data: [ 913.543579, 0.0, 
        960.102966, 0.0, 
        913.589478, 547.959412, 
        0.0, 0.0, 
        1.0 ]
dist_2: !!opencv-matrix
    rows: 5
    cols: 1
    dt: d
    data: [ 0.439241, -3.131081, 
        0.000235, 0.000271,  
        -3.131081 ]
K_3: !!opencv-matrix
    rows: 3
    cols: 3
    dt: d
    data: [ 894.888306, 0.0, 
        655.331116, 0.0, 
        895.249756, 376.764893, 
        0.0, 0.0, 
        1.0 ]
dist_3: !!opencv-matrix
    rows: 5
    cols: 1
    dt: d
    data: [ 0.129094094, -0.446463317, 
        -0.00058015564, -0.00173502183,  
        -0.446463317 ]
K_4: !!opencv-matrix
    rows: 3
    cols: 3
    dt: d
    data: [ 897.724121, 0.0, 
        653.769836, 0.0, 
        897.591614, 367.520966, 
        0.0, 0.0, 
        1.0 ]
dist_4: !!opencv-matrix
    rows: 5
    cols: 1
    dt: d
    data: [ 0.130384386, -0.44581008, 
        -5.76836137e-05, -0.000189607992,  
        -0.44581008 ]
