%YAML:1.0
---
R: !!opencv-matrix
    rows: 3
    cols: 1
    dt: d
    data: [ -1.57570275, 0.75189641, 
        1.83861463 ]
Rot: !!opencv-matrix
    rows: 3
    cols: 3
    dt: d
    data: [ 0.10106815712152084, -0.2525715048405939, 
        -0.33794947840085793, 0.23049429590744808, 
        -0.261388855094638, 0.37663594813929224, 
        -0.38415070584549377, 0.2549024797180242, 
        0.015549580640309063 ]
T: !!opencv-matrix
    rows: 3
    cols: 1
    dt: d
    data: [ -0.4098473159391399, -0.4113478203251331, 
        0.703610965091676 ]
