%YAML:1.0
---
R: !!opencv-matrix
    rows: 3
    cols: 1
    dt: d
    data: [ -3.11001361, 0.02087538, 
        -0.07407887 ]
Rot: !!opencv-matrix
    rows: 3
    cols: 3
    dt: d
    data: [ 0.9987467255794541, -0.012688074895414536, 
        0.04780188100468258, -0.014138086638877998, 
        -0.9994371839181453, 0.03029398785938328, 
        0.047392543930481146, -0.030930529479151394, 
        -0.9983647883543112 ]
T: !!opencv-matrix
    rows: 3
    cols: 1
    dt: d
    data: [ -0.024310629885637588, -0.11383291359354465, 
        0.6291106309314131 ]
