%YAML:1.0
---
R: !!opencv-matrix
    rows: 3
    cols: 1
    dt: d
    data: [ 0.40056742, -2.01409685, 
        2.02127985 ]
Rot: !!opencv-matrix
    rows: 3
    cols: 3
    dt: d
    data: [ -0.9282919220204248, -0.3715401713565955, 
        0.011935957027383433, -0.010628274972300553, 
        -0.005611371128866116, -0.9998568291366245, 
        0.37151752936405086, -0.9283752273448711, 
        0.0012564409085042139 ]
T: !!opencv-matrix
    rows: 3
    cols: 1
    dt: d
    data: [ 0.18130143325012532, 0.8957917992426381, 
        2.9647885120227815 ]
