%YAML:1.0
    dim_2: !!opencv-matrix
        rows: 1
        cols: 2
        dt: d
        data: [ 1920, 1080]
    K_2: !!opencv-matrix
        rows: 3
        cols: 3
        dt: d
        data: [ 913.543579, 0.000000, 960.102966,
            0.000000, 913.589478, 547.959412, 0.000000,
            0.000000, 1.000000]
    dist_2: !!opencv-matrix
        rows: 1
        cols: 5
        dt: d
        data: [ 0.439241, -3.131081, 0.000235,
            0.000271, 1.933616]
