%YAML:1.0
    dim_2: !!opencv-matrix
        rows: 1
        cols: 2
        dt: d
        data: [ 2704.000000, 1520.000000]
    K_2: !!opencv-matrix
        rows: 3
        cols: 3
        dt: d
        data: [ 1288.998816, 0.000000, 1363.371673, 
            0.000000, 1301.302237, 772.345853, 0.000000, 
            0.000000, 1.000000]
    dist_2: !!opencv-matrix
        rows: 1
        cols: 5
        dt: d
        data: [ -0.002434, 0.004163, 0.001751, 
            0.001752, -0.001270]
